605.960022 603.943176
605.669983 603.054199
603.849976 602.929138
609.390015 602.889282
614.820007 602.872192
612.979980 604.489258
611.849976 604.482605
609.619995 604.478516
607.179993 604.476074
612.080017 604.474609
617.210022 604.473755
614.739990 605.671082
615.650024 605.671204
617.539978 605.671814
614.770020 605.838257
635.010010 605.839539
635.960022 614.599976
634.020020 615.080811
637.940002 615.087280
641.419983 616.091675
638.969971 617.854614
636.289978 617.869446
629.250000 617.887512
627.719971 617.914673
631.919983 617.948730
655.479980 617.993591
653.250000 625.139343
651.390015 625.156433
655.309998 625.161804
651.450012 625.165405
682.219971 625.172424
687.679993 638.655212
685.909973 641.353516
698.000000 641.414612
702.000000 646.744263
697.010010 648.840454
733.330017 648.893555
686.169983 664.597900
683.690002 664.289917
704.789978 664.102234
712.000000 664.000854
709.960022 663.941833
708.969971 663.905029
720.929993 663.880249
721.500000 663.861633
715.450012 663.844604
703.710022 663.832458
702.280029 663.822449
706.460022 663.819580
710.909973 663.829529
711.729980 663.835083
736.960022 663.843323
747.520020 665.672607
748.979980 670.974976
729.059998 671.716980
738.530029 671.739990
736.969971 671.764404
741.630005 671.807678
737.450012 671.893311
735.640015 672.132874
733.669983 672.624512
727.960022 673.155090
727.309998 674.985413
732.710022 682.035767
742.690002 699.356201
742.049988 712.227661
772.429993 718.845032
764.330017 724.807495
762.969971 736.475525
754.630005 736.081177
756.619995 737.439514
758.989990 738.155518
769.719971 738.822937
770.020020 739.958191
769.080017 739.517578
777.000000 741.557434
777.000000 726.783997
777.989990 721.111633
774.890015 689.551453
776.750000 688.902588
775.880005 705.531677
788.700012 747.485962
788.400024 743.518005
788.669983 767.726807
793.090027 761.223633
824.210022 775.383789
834.969971 747.843750
901.309998 797.147217
891.609985 803.372437
892.599976 826.187195
897.330017 834.713440
930.369995 850.643311
930.340027 882.523193
963.380005 879.603638
952.150024 912.987793
958.119995 907.157593
997.719971 933.286133
1015.969971 964.830383
1013.419983 983.217773
1126.760010 977.492554
994.669983 1034.795044
999.650024 1038.615723
896.830017 1033.527344
908.140015 1011.625732
910.489990 993.717957
906.049988 983.679077
785.219971 975.509705
780.919983 936.498474
826.289978 884.798706
817.909973 872.189453
819.549988 867.554321
830.500000 864.923523
903.840027 863.198242
906.599976 864.043640
895.798889 865.195312
893.621094 868.805664
895.640015 893.600830
918.603638 898.461670
922.073608 900.241455
919.969971 908.267578
893.045654 955.019958
915.956238 942.181091
915.049988 860.619629
920.312256 860.600769
915.932983 860.578186
912.190002 909.472778
964.706055 909.820679
979.703857 894.020752
983.419983 996.449585
1013.026978 993.252441
1030.999390 989.308594
1034.069946 997.816895
1024.013794 1002.106079
1050.109985 1007.655884
1052.839966 1015.449463
976.103027 1017.738647
999.103516 983.349182
997.590027 935.227783
1000.604614 939.195068
999.877380 900.484619
1001.200012 925.189819
1012.325989 1027.035156
1035.208130 1028.259888
1035.199951 1037.442383
1056.637085 1037.400879
1052.779297 1032.393799
1050.869995 984.226379
1123.788452 1078.746582
1123.223145 1051.508667
1130.010010 1048.109375
1174.866211 1094.993774
1150.605713 1071.461182
1150.369995 1110.922363
1190.751953 1093.756714
1187.565308 1133.126099
1190.890015 1119.818115
1259.410767 1135.781250
1285.140015 1179.652588
1287.000000 1210.202393
1270.933350 1214.563721
1275.197388 1225.957886
1279.500000 1250.186768
1157.393311 1245.594971
1192.469116 1230.038818
1192.089966 1153.797607
1179.159912 1148.070679
1227.494629 1175.609741
1227.680054 1236.625122
1245.370728 1230.867432
1257.399658 1240.591553
1257.000000 1243.600098
1091.171875 1223.701538
952.232361 1197.473389
967.690002 1040.043579
1049.084473 983.869385
1118.630005 1000.208374
1113.000000 1127.732178
1038.788940 1193.938232
941.919739 1061.550659
927.929993 961.213684
956.786316 983.246948
1037.229248 982.623047
1041.040039 1005.953735
1040.575439 1001.307373
1037.904541 1000.157837
1034.739990 1005.757996
1086.929565 1031.264648
1099.169067 1018.488647
1079.989990 1105.000854
1141.600342 1020.601318
1133.079346 1130.568481
1133.530029 1115.843506
1190.454224 1113.361084
1181.149780 990.593994
1184.030029 1188.984131
1207.744873 1158.841553
1226.617065 1115.781006
1219.089966 1263.011963
1180.023682 1245.537109
1185.260010 1223.078491
1170.359985 1215.266479
1186.927368 1183.142822
1205.634888 1224.473389
1176.969971 1202.006714
1217.930054 1257.683594
1241.686279 1223.404663
1236.630005 1229.394653
1261.311279 1219.882690
1257.988159 1227.138916
1240.839966 1257.185547
1279.414673 1211.015625
1309.109863 1251.472412
1288.020020 1292.966431
1331.294434 1232.939941
1334.979004 1263.923340
1333.000000 1246.941162
1417.172852 1326.455566
1452.076294 1343.128662
1447.550049 1168.284180
1508.292114 1381.394775
1533.335083 1391.614014
1518.750000 1439.341675
1535.868408 1405.209961
1640.619263 1492.015503
1651.099976 1560.166260
1762.886230 1637.506836
1820.990601 1706.389404
1829.000000 1626.140381
1771.920044 1740.928711
1776.316528 1724.457764
1780.000000 1751.696289
1739.031982 1775.525146
1807.485107 1755.316162
1783.979980 1774.051025
1961.520508 1761.865967
2052.909668 1872.450439
2008.839966 1961.057617
2090.662354 1911.586914
2287.710205 2015.244141
2256.320068 2174.984619
2387.206299 2218.687256
2211.976807 2317.499756
2279.820068 2248.541748
2192.980713 2302.892822
2275.930664 2262.384766
2290.020020 2285.997559
2285.933838 2257.598145
2399.242676 2299.166016
2409.929932 2284.392090
2525.765137 2342.593994
2516.173096 2404.978271
2529.530029 2370.490967
2883.313721 2402.597412
2664.920898 2537.960205
2683.030029 2776.210449
2827.491211 2771.368896
2845.372803 2717.203613
2898.629883 2802.018799
2657.675049 2808.687988
2748.185059 2778.125488
2706.000000 2829.191406
2442.480225 2815.025146
2464.959717 2748.614990
2477.939941 2694.781494
2507.389160 2484.188477
2617.210205 2794.578369
2600.000000 2759.946289
2671.043213 2674.766602
2727.288086 2733.388184
2713.479980 2875.676025
2589.164795 2856.022949
2512.366211 2796.314941
2502.030029 2624.690674
2517.903076 2704.417236
2585.349121 2879.345947
2558.300049 2645.847656
2477.641357 2888.209473
2501.191406 2482.576904
2421.260010 2857.218750
2561.225342 2679.268311
2599.729736 2873.208008
2598.889893 2590.785645
2609.967773 2882.059082
2491.201172 2662.913818
2502.860107 2892.069092
2536.239014 2878.496338
2366.170166 2588.230225
2327.090088 2567.172119
2385.748535 2619.048828
2354.783447 2892.110352
2338.489990 2725.336670
2058.995605 2897.963867
1931.214355 2897.825439
1910.959961 2891.463379
2320.122314 1886.073975
2264.765625 2814.897705
2265.209961 2892.423340
2682.195312 2575.627441
2807.609863 2545.117676
2825.510010 2890.272705
2751.821045 2730.257568
2560.997803 2062.292236
2564.300049 2622.052002
2647.625000 2875.186523
2781.636475 2894.388184
2784.800049 2808.206055
2745.955322 2582.857666
2866.431641 2886.947754
2862.899902 2877.014893
2693.634033 2728.222900
2794.117676 2603.882324
2790.000000 2892.416992
3218.114990 2538.320312
3252.562500 2390.797852
3210.199951 3238.433594
3457.374268 2122.428223
3357.326416 2031.986328
3340.280029 2050.548340
3632.506592 2385.909180
3852.802979 2405.718506
3868.520020 2308.316650
4282.992188 2530.167480
4217.028320 2947.052246
4179.970215 2898.152344
4328.725586 3328.170410
4130.439941 4056.828857
4104.709961 4057.477051
4157.958008 4224.306152
4043.721924 4282.442383
3986.280029 4236.109375
4174.950195 4235.882812
4340.316895 4215.446777
4331.770020 4202.480469
4360.513184 4105.544922
4354.308105 4155.173828
4339.049805 4159.015137
4607.985352 4276.647461
4594.987793 4487.088867
4582.520020 4440.928223
4911.740234 4589.340820
4580.387695 4706.573730
4585.569824 4475.166504
4344.098145 4504.285645
4488.720215 4450.582031
4385.020020 4676.760254
4654.658691 4510.391113
4310.750000 4447.121094
4312.259766 4588.741699
4329.955078 4363.690918
4248.089844 4564.379883
4198.589844 4350.487305
3961.271240 4730.690918
3319.629883 4823.782227
3216.429932 4054.939209
3763.625977 3723.145508
3746.060791 4906.889160
3678.530029 4900.596680
3943.413330 4874.961914
3977.561768 3741.239014
3894.479980 4909.176270
3637.502441 4676.126953
3776.386963 4811.540527
3777.620117 4906.451172
3942.554932 4908.207031
3910.307373 4906.380859
3881.000000 4901.856934
4201.989258 4881.976074
4193.574707 4708.828613
4164.270020 4550.499512
4360.723145 2763.703857
4386.883789 2774.754883
4394.069824 4462.604980
4225.174805 4905.995117
4338.852051 4900.353516
4318.580078 4537.413574
4376.191895 4885.990234
4602.280762 4910.221680
4605.660156 4909.290039
4782.279785 4908.501465
4819.485840 4909.274902
4822.169922 4740.334961
5563.806641 4910.070312
5739.438965 5554.779297
5825.990234 3293.644287
5711.206055 5701.572266
5603.712891 3298.556152
5594.660156 5545.855469
5727.633301 3236.609131
5979.459961 3235.325928
5986.439941 3323.514404
5983.184570 3442.030762
5876.080078 5706.406250
5900.589844 5517.143555
5669.622559 3437.175049
5893.138184 4616.047363
5889.819824 5954.120117
5776.696777 5965.777832
6155.434082 5956.448730
6136.490234 6102.803223
6388.645020 5635.182617
6665.306641 5863.823242
6751.979980 3870.293701
7197.720215 6014.665527
7437.543457 6881.450684
7365.990234 7397.858398
6989.071777 7266.889648
7092.127441 7415.786133
7128.640137 7390.872070
7158.037109 7389.913086
6719.397949 7294.558594
6569.220215 7342.867188
5716.301758 6461.348633
6550.227539 6758.572266
6493.629883 6091.043945
7301.429688 7137.218262
7815.030762 7109.002441
7868.770020 7405.407227
7817.140625 7700.284668
8007.654297 7736.158691
8049.720215 7932.982422
8059.799805 8043.210449
8268.035156 8008.638672
8236.719727 8025.388672
8250.978516 8240.473633
8707.407227 8155.368164
8768.799805 8505.407227
9718.294922 8231.133789
9952.508789 9454.333984
9919.000000 7175.090820
10147.372070 9749.972656
10883.912109 10091.125977
10879.879883 10539.928711
11332.622070 9991.313477
11584.830078 11216.520508
11591.219727 11394.791016
13540.980469 11327.553711
16501.970703 13157.015625
16860.880859 15437.377930
15142.833984 14835.896484
14869.804688 16387.271484
15068.950195 16676.792969
17276.392578 16426.212891
16808.367188 16935.740234
16252.309570 16706.154297
17771.900391 16914.458984
19498.683594 17089.031250
19279.900391 18697.271484
18961.857422 17999.109375
17737.111328 19092.369141
17382.939453 19316.220703
16047.509766 19240.992188
15190.945312 19221.904297
13776.610352 18102.388672
13949.174805 19338.677734
14119.028320 17799.958984
13740.940430 16403.490234
15589.321289 17830.138672
14380.582031 19350.419922
14214.009766 18658.556641
13215.574219 17902.996094
14165.575195 16328.581055
13796.000000 13294.926758
15005.856445 14506.173828
15053.261719 11235.429688
15039.240234 18182.939453
17174.119141 11559.727539
17319.197266 16540.652344
17155.949219 19234.890625
15265.906250 13159.654297
14714.252930 19324.150391
14437.419922 18073.675781
13296.793945 10999.545898
13912.881836 16478.226562
13791.190430 11605.094727
13852.919922 15845.695312
14012.196289 17599.154297
13554.139648 11637.001953
11116.946289 17452.300781
11345.422852 11453.676758
11174.820312 13381.030273
12950.792969 10272.990234
11505.227539 10261.401367
11513.419922 11813.220703
11223.064453 11795.729492
11282.258789 11843.053711
11392.030273 10226.542969
10969.815430 10226.740234
11524.776367 10215.333984
11431.370117 10439.246094
11212.655273 11882.993164
10184.061523 15400.384766
10082.519531 12255.393555
9083.258789 10673.395508
8901.901367 11757.022461
8852.730469 10375.406250
8400.648438 11150.153320
6838.816895 10221.979492
6925.459961 10213.712891
8099.958496 10304.948242
8240.537109 10223.364258
8245.080078 10264.164062
8319.876953 10629.657227
8343.455078 10372.856445
8068.020020 10430.367188
8597.767578 10386.459961
9334.633789 10216.231445
9471.639648 10214.085938
10127.162109 10227.952148
10841.991211 10549.761719
11085.830078 10318.862305
11110.964844 10237.286133
11390.391602 10256.227539
11245.980469 10615.344727
9931.071289 10876.162109
10162.116211 10363.132812
10171.299805 10214.387695
9696.593750 10217.966797
10348.603516 10234.470703
10319.459961 10251.674805
10370.165039 10851.833008
11009.381836 11257.666016
10931.120117 10464.320312
11326.948242 10725.708984
11430.181641 10394.615234
11516.830078 10497.118164
10763.198242 10418.208008
10118.057617 10305.470703
9920.459961 10341.667969
9089.278320 10354.169922
8746.001953 10312.704102
8777.370117 10214.113281
9182.843750 10214.938477
9154.700195 10214.510742
9153.540039 10214.193359
8358.122070 10215.917969
8530.402344 10215.542969
8297.889648 10215.225586
8171.415039 10216.617188
8412.033203 10216.642578
8605.639648 10223.285156
8947.752930 10226.328125
8690.408203 10220.340820
8725.370117 10214.427734
8662.377930 10215.428711
8617.296875 10214.185547
8457.959961 10229.266602
7876.194824 10268.082031
7960.379883 10267.349609
7950.609863 10267.208984
6882.531738 10267.394531
6935.479980 10268.125000
6937.560059 10290.280273
7035.848145 10292.333984
7410.435059 10290.403320
7426.479980 10317.635742
6826.509766 10316.051758
6603.876465 10317.829102
6634.680176 10335.490234
7017.656738 10335.467773
6699.273438 10334.643555
6784.410156 10334.628906
6926.266602 10334.652344
7847.845215 10334.641602
7941.459961 10334.657227
8036.511230 10334.729492
8340.748047 10334.537109
8368.099609 10338.041992
7895.416992 10337.912109
8164.937500 10339.574219
8175.959961 10358.865234
8852.718750 10367.686523
8807.205078 10393.232422
8930.599609 10372.208008
8933.861328 10391.297852
9555.541992 10371.963867
9658.110352 10398.193359
9258.398438 10420.158203
9010.320312 10436.832031
8928.549805 10423.863281
9334.281250 10440.343750
9259.570312 10427.292969
9239.549805 10475.713867
9221.425781 10534.224609
9639.268555 10517.905273
9753.349609 10513.341797
9803.306641 10512.498047
9630.136719 10510.668945
9631.440430 10522.156250
9228.608398 10575.309570
9322.041992 10575.750000
9310.370117 10620.460938
8468.788086 10619.026367
8484.346680 10618.992188
8463.519531 10619.163086
8652.038086 10619.107422
8511.458008 10619.322266
8471.059570 10619.576172
8106.118164 10641.708984
8240.054688 10641.761719
8239.080078 10706.208008
8507.406250 10704.878906
8385.556641 10705.233398
8396.629883 10706.202148
7555.740234 10705.517578
7566.193359 10705.590820
7576.779785 10704.891602
7342.908203 10705.019531
7361.831543 10704.965820
7344.560059 10704.963867
7459.876465 10704.853516
7385.395020 10704.858398
7386.720215 10704.855469
7535.146484 10704.916016
7645.146484 10704.826172
7637.140137 10705.080078
7500.273438 10704.839844
7615.722168 10705.076172
7619.430176 10707.037109
7676.271484 10705.240234
7620.153320 10704.937500
7615.540039 10704.839844
6776.888184 10704.832031
6875.678223 10704.833984
6879.310059 10704.839844
6315.700195 10704.902344
6647.013184 10704.856445
6637.410156 10704.833984
6509.426758 10704.833008
6464.411621 10704.858398
6445.790039 10704.846680
6737.000000 10704.841797
6714.718262 10704.836914
6760.830078 10704.889648
6332.573242 10704.877930
6141.605957 10704.859375
6170.459961 10704.827148
6211.447266 10704.852539
6218.595215 10704.824219
6097.459961 10704.830078
6107.895996 10704.831055
5908.702637 10704.836914
6223.279785 10704.823242
6374.754395 10704.863281
6466.069336 10704.844727
6626.439941 10704.958984
6593.289062 10704.891602
6603.376465 10704.969727
6555.509766 10704.850586
6594.281738 10704.836914
6753.559082 10704.856445
6724.040039 10704.962891
6510.791504 10705.309570
6377.363281 10704.833008
6403.180176 10704.845703
6244.357422 10704.848633
6241.000000 10704.840820
6248.839844 10704.879883
6514.390625 10704.940430
6869.910645 10705.007812
7321.620117 10881.955078
7396.401855 10881.989258
7428.044922 10882.190430
7334.990234 11029.960938
7451.289062 11029.857422
7689.884277 11029.894531
7715.100098 11029.857422
8251.165039 11030.042969
8187.324219 11031.515625
7939.810059 11073.379883
8182.251465 11096.172852
8206.341797 11096.212891
8220.910156 11096.300781
7916.800781 11096.385742
7570.869141 11096.299805
7607.700195 11096.179688
7394.499023 11144.370117
7247.769043 11144.402344
7011.279785 11354.460938
6988.079102 11354.499023
6993.513184 11354.468750
6718.229980 11357.643555
6396.772461 11357.600586
6396.494629 11357.557617
6138.959961 11357.556641
6311.131836 11357.595703
6347.069824 11357.608398
6252.129883 11357.573242
6362.676758 11357.559570
6342.629395 11357.568359
6312.750000 11357.561523
6436.720703 11357.557617
6404.063477 11357.568359
6486.580078 11357.579102
6401.246094 11357.559570
6575.229004 11357.604492
6354.569824 11357.557617
6543.645508 11357.595703
6719.429199 11357.568359
6738.270020 11357.560547
6719.266113 11357.767578
7000.040039 11357.585938
7078.189941 11357.659180
6932.662598 11357.680664
6981.946289 11357.624023
7018.779785 11357.557617
7247.935547 11357.666992
7260.949219 11357.677734
7265.080078 11357.560547
7113.069336 11357.558594
6433.271484 11357.563477
6501.189941 11357.591797
6366.107422 11357.563477
6286.425781 11357.559570
6240.979980 11357.805664
6296.320801 11357.562500
6273.137695 11357.561523
6326.040039 11358.017578
6499.062500 11357.683594
6518.654785 11357.571289
6522.390137 11568.291016
6400.601074 11568.098633
6296.631836 11568.094727
6342.390137 11568.164062
6418.562500 11568.236328
6669.990723 11568.248047
6756.120117 11568.181641
6710.444824 11637.603516
6639.304199 11638.155273
6583.450195 11689.880859
6468.631836 11689.841797
6535.476562 11689.917969
6686.080078 11831.480469
6550.474121 11831.570312
6593.134766 11831.990234
6611.020020 11861.960938
6562.641602 11862.008789
6470.402344 11862.017578
6483.729980 11861.928711
6568.549316 11908.638672
6581.486816 11908.793945
6573.620117 11937.456055
6618.567871 12050.484375
6621.711426 12052.177734
6626.850098 12140.591797
6248.635742 12159.173828
6260.530762 12160.458984
6247.000000 12531.248047
6299.398926 12546.673828
6452.571777 12546.681641
6599.169922 12546.724609
6596.276367 12546.744141
6568.040527 12546.731445
6509.609863 12584.160156
6488.825684 12584.175781
6531.601562 12584.155273
6504.779785 12584.152344
6481.425781 12584.158203
6508.310059 12584.156250
6489.770020 12584.158203
6473.753418 12607.503906
6465.917480 12607.502930
6457.209961 12607.547852
6382.668457 12607.509766
6309.452637 12607.492188
6301.609863 12607.501953
6342.280762 12607.519531
6387.674316 12607.493164
6390.419922 12607.493164
6391.873535 12607.493164
6436.964844 12607.496094
6437.759766 12607.571289
6538.790039 12607.523438
6486.251465 12607.493164
6444.970215 12607.494141
6399.033203 12607.719727
6378.268555 12607.688477
6408.529785 12607.501953
6372.063477 12703.693359
6176.154785 12703.699219
5756.770020 12703.694336
5596.192383 12627.757812
5558.243164 12547.437500
5572.439941 12528.466797
5303.942383 12528.464844
4671.970215 12401.316406
4491.979980 12085.327148
4548.797363 11995.341797
4309.337402 11995.355469
4352.979980 11904.134766
3823.511719 11904.011719
3920.536621 11661.109375
3793.350098 11661.098633
4103.453613 11646.031250
4263.783203 11646.037109
4278.770020 11646.034180
4116.777344 11646.041016
4167.546875 11646.021484
4140.600098 11646.018555
3961.493408 11646.018555
3858.349121 11646.039062
3744.979980 11646.017578
3405.643311 11621.833984
3435.340088 11452.202148
3453.659912 11452.163086
3523.959961 11452.164062
3426.189941 11452.164062
3407.280029 11452.182617
3406.762451 11452.167969
3278.374268 11452.164062
3242.419922 11388.529297
3271.238281 11370.556641
3392.405029 11261.170898
3556.540039 11102.146484
3808.042480 10489.766602
3982.850830 10312.681641
4135.189941 10280.822266
3910.973389 10280.814453
4027.478271 10280.833984
3995.169922 10280.812500
3813.879883 10280.841797
3825.379150 10280.816406
3848.209961 10280.830078
3743.905029 10280.847656
3912.285889 10280.816406
3770.360107 10280.847656
3791.545898 10280.842773
3752.271729 10280.826172
3855.879883 10280.838867
3865.797607 10280.830078
3822.626709 10280.838867
3856.620117 10280.825195
3920.456787 10280.837891
4036.093262 10199.197266
4032.250000 9254.173828
4034.138428 8978.335938
3812.585938 8839.919922
3646.250000 8627.347656
3646.345947 8627.308594
3599.841553 8627.308594
3531.959961 8627.308594
3656.784912 8627.308594
3621.270752 8398.279297
3621.429932 8096.606445
3632.395020 8096.606445
3690.523438 8096.606445
3703.979980 8096.606445
3548.427490 7383.611816
3540.020020 7383.667969
3587.350098 7383.599609
3566.399902 7383.614258
3586.250000 7383.648438
3577.790039 7383.607422
3576.300049 7383.626465
3554.500000 7379.632812
3448.580078 7379.644043
3421.600098 7379.633789
3470.000000 7379.638184
3444.810059 7379.634277
3475.330078 7379.635742
3506.219971 7379.636230
3456.020020 7379.631836
3452.350098 7379.640625
3467.340088 7379.628906
3405.699951 7379.635254
3394.760010 7379.632812
3661.080078 7379.630859
3664.379883 7379.635254
3686.290039 7379.629395
3629.469971 7379.632324
3632.419922 7379.635254
3614.500000 7379.630371
3600.310059 7379.629395
3608.199951 7379.635742
3619.550049 7379.631836
3670.739990 7379.628906
3910.800049 7379.630371
3926.530029 7379.635254
3987.179932 7379.633301
3944.879883 7379.641113
3983.479980 7379.643555
4139.600098 7379.626465
3766.889893 7379.625000
3848.330078 7379.625000
3831.449951 7379.625000
3833.229980 7379.625000
3850.080078 7379.625000
3834.620117 7379.625000
3831.439941 7379.625000
3814.580078 7379.625000
3730.979980 7379.625000
3872.250000 7002.808594
3876.850098 6680.238770
3886.820068 6581.439941
3875.959961 6522.863281
3950.560059 6522.863281
3928.169922 6522.863281
3881.090088 6522.863281
3892.510010 6522.863281
3877.770020 6522.863281
3885.209961 6522.863281
3936.500000 6522.863281
4015.949951 6522.863770
3994.919922 6522.864258
3998.770020 6522.896484
4029.110107 6522.865234
4056.399902 6522.869629
3992.340088 6522.866211
3999.060059 6522.864258
4011.919922 6522.875977
3994.110107 6522.865234
3935.889893 6522.870605
3947.739990 6522.870117
4048.510010 6522.871582
4037.370117 6522.875977
4115.549805 6522.865723
4114.439941 6522.874023
4114.160156 6522.863281
4152.529785 6522.868164
4882.879883 6522.865234
4959.810059 6522.867676
4911.240234 6522.864746
5028.770020 6522.871582
5053.520020 6522.863770
5189.390137 6522.876465
5268.709961 6522.871582
5175.810059 6522.872070
5310.180176 6522.873535
5035.020020 6522.870117
5072.850098 6522.926758
5064.620117 6522.863770
5152.509766 6522.875000
5036.180176 6522.877930
5196.649902 6522.878418
5220.370117 6522.897461
5276.310059 6522.879883
5277.040039 6522.906250
5309.279785 6522.882812
5281.830078 6522.883789
5377.189941 6522.880859
5518.160156 6522.882324
5434.189941 6522.885742
5195.609863 6522.868164
5292.830078 6522.864258
5280.189941 6522.930176
5301.290039 6522.864258
5260.649902 6522.956055
5269.790039 6522.879395
5326.669922 6522.990723
5390.160156 6522.882812
5657.140137 6522.922852
5771.080078 6522.867676
5717.660156 6437.208984
5684.470215 6436.939941
5755.720215 6282.236328
5936.720215 6282.244141
6146.910156 6276.658691
6348.020020 5947.242188
7248.310059 5948.190430
6978.629883 5949.063477
7823.109863 5980.007812
7992.689941 7927.827637
8206.900391 8237.585938
7885.959961 8495.802734
7362.220215 8287.829102
7265.049805 8238.625977
8193.700195 7134.427734
8007.029785 8357.972656
7952.500000 8220.759766
7625.930176 8238.369141
7880.290039 8129.075195
8003.259766 8088.971680
8071.450195 7411.697266
8744.419922 8007.203613
8770.059570 8567.526367
8719.879883 8656.211914
8662.980469 8496.137695
8272.459961 8647.667969
8553.809570 7616.650391
8554.799805 8573.166016
8739.030273 8303.442383
8134.919922 8606.082031
7675.799805 7825.851562
7786.040039 7054.665039
7803.229980 8332.230469
7998.290039 8436.106445
7931.339844 8419.746094
7640.609863 7840.092285
8020.379883 7787.538574
7917.580078 7860.141113
8173.060059 7745.033203
8237.879883 7530.689453
8693.599609 8729.603516
8859.469727 8696.006836
8978.990234 8748.732422
9327.480469 8854.600586
9076.179688 9165.148438
9281.700195 8995.392578
9531.349609 9141.083984
10209.379883 9240.811523
10668.629883 9047.216797
10814.480469 6971.227539
11017.500000 7043.645020
11766.400391 7151.413086
12932.549805 7539.093262
11132.849609 8150.965332
12374.349609 8110.345215
11890.379883 8178.127441
10737.730469 8676.925781
10578.719727 11636.397461
10805.400391 10841.630859
11984.759766 10436.449219
11160.490234 11688.576172
10955.160156 10564.035156
11232.040039 11277.296875
11477.009766 9662.039062
12313.080078 12127.751953
12586.780273 12499.318359
12099.900391 12836.121094
11352.870117 11242.748047
11803.969727 12624.378906
11389.099609 12482.768555
10186.959961 11719.985352
10873.500000 8588.347656
9397.719727 12884.511719
9674.280273 9256.360352
10638.559570 8417.206055
10535.750000 11300.851562
10764.900391 9805.488281
10587.410156 12621.536133
10323.620117 12750.773438
9844.299805 9307.164062
9772.169922 12365.859375
9875.169922 8719.509766
9848.650391 9035.395508
9473.990234 8647.292969
9530.000000 8273.433594
9501.330078 9113.849609
9589.129883 8262.376953
10084.700195 8087.760254
10407.169922 8988.599609
10529.549805 11612.741211
10814.570312 8586.884766
10980.230469 12239.828125
11787.990234 11144.851562
11465.669922 12509.870117
11960.820312 11502.256836
11996.410156 12849.281250
11856.639648 11765.189453
11282.219727 12924.326172
11566.839844 11957.109375
11386.259766 12091.383789
10858.120117 11891.976562
10016.959961 10834.619141
10302.169922 8504.541016
10359.440430 8461.257812
10214.519531 8842.171875
10317.599609 9195.751953
10917.259766 12362.718750
10760.559570 10995.193359
10129.400391 11456.651367
10111.980469 8847.898438
10405.809570 8281.900391
10143.799805 10378.137695
10135.059570 11425.810547
10360.280273 12767.225586
10171.950195 12250.867188
9717.820312 9012.063477
9484.549805 8471.431641
9577.990234 8915.746094
9600.900391 8757.796875
9769.790039 8262.210938
10386.639648 9548.021484
10621.290039 10142.972656
10584.160156 11170.949219
10577.799805 12851.154297
10317.469727 11443.398438
10487.209961 12895.716797
10406.309570 12605.625977
10313.660156 9854.662109
10101.030273 12623.274414
10159.320312 9421.998047
10420.160156 12077.577148
10363.900391 9243.989258
10361.330078 12798.238281
10310.429688 11058.756836
10265.629883 8521.207031
10190.360352 10044.205078
10157.589844 8239.859375
10275.879883 10204.753906
10173.110352 8088.574219
9979.490234 8090.040039
10033.049805 8281.572266
9683.379883 11128.138672
8553.610352 8110.031738
8432.230469 8091.176758
8055.640137 8088.974609
8193.900391 8089.585938
8225.000000 8116.456543
8056.740234 8108.131836
8307.740234 8093.310059
8322.919922 8104.939453
8382.030273 8103.975098
8236.169922 8103.841797
8155.479980 8099.195801
8147.689941 8103.483887
7869.740234 8087.577148
8212.019531 8089.432617
8190.000000 8108.701660
8587.919922 8118.280273
8586.900391 8097.492676
8269.730469 8135.884277
8308.009766 8118.467285
8283.759766 8087.687988
8353.540039 8087.965332
8162.160156 8100.586426
8002.509766 8113.581055
8076.779785 8099.083008
7954.149902 8090.567871
7960.040039 8092.557617
8231.059570 8094.543457
8222.519531 8096.716309
8026.759766 8105.507324
7469.560059 8099.823730
7431.879883 8091.610840
8666.790039 8090.317383
9259.799805 8112.820312
9551.540039 8370.258789
9218.759766 8184.430176
9433.349609 8091.811035
9164.620117 8094.795898
9147.980469 8102.441406
9252.990234 8305.320312
9301.179688 8159.158203
9206.160156 8265.126953
9418.049805 8249.135742
9310.190430 8215.021484
9343.339844 8508.370117
9204.240234 8353.286133
8766.040039 8194.746094
8809.410156 8122.098633
9037.120117 8265.216797
8717.809570 8300.766602
8801.519531 8125.425293
8762.419922 8112.176758
8632.320312 8132.660156
8457.690430 8157.386719
8482.700195 8264.431641
8503.929688 8450.306641
8175.990234 8125.162109
8120.799805 8103.996582
8081.810059 8130.945312
7617.069824 8097.156738
7286.350098 8171.164062
7324.029785 8106.426270
6907.399902 8101.970703
7130.250000 8089.803711
7163.629883 8091.982910
7523.830078 8110.736816
7431.000000 8094.792969
7757.470215 8090.941895
7557.720215 8088.182617
7402.689941 8088.306641
7309.589844 8087.660645
7296.770020 8087.831543
7192.850098 8087.782227
7395.970215 8087.796875
7547.189941 8088.235352
7504.830078 8088.899414
7522.390137 8094.383789
7337.419922 8088.075684
7220.759766 8099.764160
7202.310059 8098.915527
7189.160156 8087.832031
7251.870117 8087.624512
7067.740234 8091.100586
7111.140137 8102.205078
6879.540039 8162.609375
6612.120117 8164.712891
7284.290039 8164.178711
7150.859863 8179.011719
7190.169922 8186.656250
7143.200195 8215.147461
7514.410156 8184.340820
7322.080078 8169.218750
7250.689941 8167.288086
7192.720215 8165.839844
7194.399902 8164.903320
7243.930176 8164.882812
7301.069824 8165.174805
7385.359863 8166.729492
7219.600098 8165.264648
7168.310059 8165.026367
7175.680176 8165.277344
6944.330078 8165.235352
7326.350098 8165.125977
7347.890137 8166.662109
7351.569824 8168.019531
7759.240234 8166.720703
8165.470215 8166.360352
8042.649902 8172.903320
7817.919922 8187.100586
8184.660156 8167.597656
8021.490234 8224.271484
8173.970215 8194.880859
8105.240234 8188.691406
8842.419922 8243.121094
8813.889648 8981.560547
8722.030273 8502.134766
8900.339844 8610.984375
8910.849609 8675.422852
8703.360352 9068.892578
8626.469727 8535.283203
8722.259766 8352.624023
8658.940430 8583.691406
8388.110352 8285.755859
8428.169922 8201.560547
8327.360352 8610.333984
8588.419922 8184.348633
8895.780273 8172.022461
9385.690430 8208.607422
9279.809570 10348.575195
9502.370117 8167.965820
9333.769531 8204.411133
9378.089844 8405.995117
9314.559570 8187.817383
9162.139648 9908.819336
9162.139648 9209.529297
9614.900391 8183.319336
9755.660156 9218.013672
9807.540039 9115.406250
9907.120117 11844.759766
10162.410156 11275.899414
9854.790039 11416.976562
10275.379883 9595.193359
10354.299805 9148.084961
10242.429688 11064.050781
10368.530273 10357.822266
9904.169922 9744.466797
9937.669922 9264.658203
9703.929688 9127.114258
10180.650391 8714.998047
9604.719727 9422.201172
9606.860352 9303.763672
9696.580078 8916.009766
9669.629883 9142.826172
9989.389648 9373.182617
9663.750000 10266.053711
9309.150391 9278.738281
8785.519531 9243.956055
8804.719727 8707.734375
8712.349609 8340.798828
8534.169922 8924.068359
8912.820312 8342.255859
8912.820312 9129.093750
8754.339844 8337.088867
8758.900391 8914.719727
9067.389648 8406.072266
9155.889648 8753.515625
8898.629883 8416.533203
8039.379883 8529.205078
7931.939941 8470.228516
7885.459961 8463.850586
7936.649902 8476.922852
4830.209961 8449.083008
5609.029785 8410.412109
5166.259766 8436.574219
5348.439941 8434.615234
5026.350098 8434.671875
5357.609863 8434.542969
5410.229980 8434.634766
6195.200195 8434.629883
6226.439941 8434.645508
6189.850098 8434.504883
5822.620117 8434.758789
6502.160156 8434.736328
6768.490234 8434.709961
6698.459961 8440.781250
6763.750000 8485.029297
6369.089844 8485.027344
6260.950195 8523.390625
5885.410156 8523.399414
6405.290039 8523.398438
6428.279785 8542.583984
6652.870117 8881.439453
6809.109863 8881.431641
6741.669922 8881.435547
6871.689941 8881.415039
6777.439941 8881.431641
7343.200195 8881.408203
7205.549805 8881.441406
7365.029785 8881.424805
7293.689941 8881.499023
6873.240234 8881.409180
6891.600098 8881.406250
6915.370117 8881.393555
6857.660156 8881.380859
6871.950195 8881.476562
6623.799805 8881.485352
7112.270020 8881.476562
7034.890137 8881.398438
7259.359863 8881.430664
7130.040039 8881.403320
6840.240234 8881.702148
6852.520020 8881.382812
7130.990234 8881.455078
7477.600098 8881.499023
7507.080078 8881.457031
7549.520020 8881.451172
7699.270020 8881.486328
7790.660156 8881.523438
7765.330078 8881.453125
8777.629883 8881.496094
8628.769531 8881.763672
8824.660156 8881.849609
8973.820312 8881.798828
8903.950195 8881.728516
8885.929688 8881.587891
9030.959961 8881.672852
9170.790039 8881.719727
10002.480469 8919.893555
9821.799805 9781.313477
9527.389648 9864.116211
8754.459961 9473.085938
8617.250000 9087.087891
8814.530273 8887.171875
9305.929688 8895.493164
9790.309570 8939.498047
9303.589844 9087.952148
9385.700195 9350.720703
9669.400391 9066.174805
9719.370117 9341.605469
9785.740234 9608.187500
9510.669922 9544.529297
9057.570312 9000.823242
9167.259766 8901.181641
9178.320312 9206.929688
8730.730469 8905.609375
8899.660156 8902.820312
8842.849609 8899.287109
9197.540039 8975.957031
9569.209961 8921.220703
9425.980469 9083.546875
9698.099609 9435.721680
9450.839844 9466.166992
10204.230469 9508.798828
9525.570312 9926.086914
9658.040039 9543.933594
9794.559570 9662.617188
9623.750000 9505.482422
9670.429688 9785.943359
9753.849609 9802.583984
9782.589844 9446.157227
9775.150391 9724.549805
9892.129883 9195.689453
9286.419922 9743.785156
9459.969727 9325.148438
9473.500000 9021.597656
9330.070312 9329.837891
9426.700195 9030.222656
9526.000000 9184.808594
9454.809570 9136.955078
9380.030273 9254.737305
9300.150391 9586.421875
9357.429688 9213.621094
9284.780273 9156.705078
9691.900391 9007.917969
9621.490234 9306.110352
9276.580078 9710.768555
9240.849609 9330.447266
9154.450195 9288.022461
9004.230469 9162.179688
9127.469727 9178.207031
9185.349609 8950.799805
9133.969727 9326.583984
9236.379883 8714.506836
9087.980469 8708.528320
9072.419922 8708.538086
9131.309570 8709.476562
9089.089844 8719.960938
9348.910156 8708.933594
9256.230469 8720.214844
9440.070312 8927.593750
9238.040039 8933.193359
9287.400391 8814.425781
9235.959961 9516.580078
9295.900391 8999.281250
9238.129883 9357.965820
9254.519531 9276.547852
9193.509766 9252.213867
9131.000000 9298.242188
9154.190430 9107.336914
9174.709961 9061.234375
9214.660156 9224.238281
9163.870117 9336.240234
9392.660156 9014.502930
9537.400391 8972.670898
9613.110352 9517.148438
9551.280273 9856.390625
9707.500000 9450.464844
9938.830078 9721.300781
11042.400391 10044.165039
10934.940430 11529.544922
11102.669922 11106.342773
11114.929688 11779.542969
11343.879883 11561.097656
11823.690430 11528.738281
11077.769531 11789.396484
11242.570312 11473.808594
11194.250000 11031.271484
11750.280273 10343.140625
11772.940430 11674.254883
11605.599609 11454.402344
11767.599609 11596.986328
11684.059570 11537.321289
11893.030273 11614.816406
11392.429688 11489.136719
11573.110352 11776.554688
11777.429688 11474.564453
11774.379883 11511.395508
11873.980469 11299.664062
11914.009766 11354.562500
12293.719727 11786.037109
11969.530273 11850.313477
11734.000000 11753.029297
11865.820312 11630.623047
11522.799805 11967.695312
11683.440430 11681.808594
11653.019531 11816.394531
11763.929688 11855.266602
11337.400391 11901.863281
11467.370117 11436.146484
11302.009766 11524.468750
11534.750000 11462.527344
11481.639648 11597.570312
11707.780273 11566.435547
11659.570312 11705.027344
11923.250000 11695.082031
11397.440430 11782.837891
10187.509766 11425.034180
10467.889648 10331.634766
10159.620117 10872.573242
10254.929688 10723.616211
10367.740234 9562.076172
10121.519531 10670.491211
10227.830078 10078.683594
10352.660156 10185.466797
10395.440430 10705.799805
10446.440430 10508.421875
10330.769531 10369.839844
10674.639648 10197.158203
10785.620117 10964.333984
10948.429688 11063.170898
10943.889648 11226.027344
10931.790039 11750.212891
11081.429688 11732.585938
10919.650391 11727.677734
10430.459961 11041.387695
10532.219727 10528.724609
10234.480469 10436.156250
10732.429688 10221.786133
10692.839844 11684.736328
10732.400391 10544.205078
10774.240234 10567.619141
10692.330078 10710.719727
10840.799805 10696.583984
10777.919922 11075.631836
10619.240234 11164.800781
10575.059570 10091.166016
10551.769531 9974.515625
10673.459961 12194.564453
10788.559570 11053.169922
10603.740234 9443.376953
10670.799805 10952.978516
10923.299805 10660.400391
11063.190430 10803.802734
11302.669922 10942.048828
11376.610352 11284.392578
11540.040039 11317.412109
11428.240234 11279.943359
11431.320312 11170.351562
11503.730469 11130.850586
11327.570312 11387.314453
11366.509766 11365.048828
11508.200195 11434.193359
11758.160156 11878.279297
11925.459961 12113.468750
12831.559570 12166.089844
12990.250000 12670.960938
12944.519531 12963.968750
13128.459961 12975.457031
13036.769531 13099.293945
13076.370117 13113.804688
13651.469727 13067.438477
13289.000000 13577.078125
13458.660156 13475.491211
13564.719727 13558.367188
13810.320312 13604.800781
13758.879883 13748.642578
13575.169922 13755.214844
14023.309570 13719.547852
14155.589844 13964.353516
15591.389648 14079.386719
15595.769531 15431.616211
14839.839844 15399.083984
15490.599609 12913.022461
15328.530273 15316.293945
15317.040039 15462.366211
15708.650391 15384.208008
16295.570312 15510.075195
16339.330078 16272.477539
16091.070312 16288.806641
15968.160156 16149.863281
16725.150391 15911.509766
17679.720703 16608.494141
17798.449219 17639.347656
17820.570312 17687.216797
18687.449219 17742.257812
18699.750000 18462.921875
18422.279297 18595.746094
18398.910156 17944.894531
19172.519531 17938.677734
18739.800781 18926.191406
17151.439453 17886.039062
17138.869141 18340.585938
17732.419922 18601.978516
18191.599609 18591.429688
19709.730469 14462.730469
18792.519531 19637.529297
19226.970703 19643.205078
19454.539062 19392.339844
18670.490234 19656.453125
19155.060547 19511.330078
19377.660156 19600.056641
19181.410156 19572.789062
18318.869141 19527.164062
18554.150391 19162.455078
18247.759766 19503.121094
18029.359375 18964.230469
18803.439453 19338.564453
19164.480469 19329.953125
19276.589844 19536.128906
19439.750000 18678.710938
21379.480469 19510.394531
22847.460938 21069.417969
23150.789062 13913.119141
23869.919922 14090.792969
23490.580078 14507.735352
22745.480469 14644.226562
23824.990234 23557.140625
23253.369141 23708.566406
23715.529297 23354.449219
24693.580078 23744.046875
26443.210938 24604.820312
26246.580078 26417.328125
27036.689453 26401.699219
27376.369141 26982.003906
28856.589844 27223.449219
28982.560547 28484.085938
29393.750000 23588.894531
32195.460938 29037.824219
33000.781250 30916.074219
32035.029297 32584.800781
34046.671875 32180.101562
36860.410156 33300.265625
39486.039062 36638.363281
40670.250000 38837.761719
40240.718750 39996.312500
38240.089844 40324.324219
35544.941406 38131.250000
34011.820312 38711.886719
37393.128906 36859.554688
39158.468750 40379.996094
36828.519531 39541.777344
36065.199219 38389.632812
35793.011719 37839.207031
36632.351562 39582.093750
36020.128906 36707.871094
35538.980469 39202.242188
30797.880859 36627.253906
33002.378906 36442.945312
32099.740234 37686.546875
32276.839844 32940.472656
32243.259766 36464.000000
32541.800781 29032.289062
30419.169922 36996.187500
33403.171875 28667.851562
34314.261719 40634.710938
34318.101562 40610.097656
33136.460938 37688.867188
33522.898438 40539.648438
35529.660156 40622.976562
37676.250000 40647.093750
37002.089844 40662.062500
38278.609375 40646.546875
39323.261719 40622.859375
38928.101562 40657.253906
46364.300781 40612.839844
46589.578125 38446.078125
44878.171875 46513.566406
48013.378906 46377.175781
47471.398438 46596.359375
47185.191406 38360.324219
48720.371094 47974.007812
47951.851562 48666.781250
49160.101562 48611.269531
52118.230469 48979.839844
51608.148438 51882.929688
55916.500000 51687.742188
56001.199219 55495.042969
57487.859375 55005.640625
54123.398438 31762.335938
48880.429688 34193.941406
50624.839844 56290.042969
46800.421875 52174.101562
46340.308594 47516.335938
46155.871094 31280.582031
45113.921875 55678.007812
49618.429688 50162.707031
48356.039062 53432.253906
50477.699219 31183.234375
48448.910156 31308.871094
48861.378906 57058.417969
48881.589844 56132.316406
51169.699219 54285.617188
52299.328125 54916.988281
54881.519531 31562.355469
55997.230469 57463.246094
57764.000000 57370.203125
57253.281250 57618.425781
61258.730469 57575.371094
59133.468750 60830.859375
55754.718750 33212.316406
56872.378906 33163.445312
58913.000000 33353.164062
57665.898438 33488.281250
58075.101562 33741.914062
58085.800781 35122.343750
57411.171875 61123.796875
54204.960938 60942.152344
54477.460938 60314.222656
52508.230469 59907.000000
51415.921875 50458.542969
55074.468750 48959.710938
55863.929688 61032.222656
55783.710938 59442.234375
57627.671875 57247.648438
58730.128906 60683.832031
58735.250000 58323.089844
58736.921875 58363.703125
59031.320312 61085.714844
57076.488281 60811.324219
58206.550781 57359.277344
59054.101562 58898.738281
58020.460938 61250.601562
55947.269531 61250.066406
58048.589844 61250.703125
58102.578125 61253.414062
59774.000000 61249.175781
59964.871094 61245.765625
59834.738281 61241.078125
63554.441406 61242.199219
62969.121094 63465.562500
63252.628906 63320.476562
61455.980469 63357.835938
60087.089844 62020.406250
56251.480469 62641.328125
55703.140625 58881.640625
56507.910156 54648.031250
53808.800781 63547.296875
51731.710938 63514.734375
51153.128906 63393.964844
50110.531250 63114.023438
49075.578125 50723.718750
54056.640625 63277.449219
55071.460938 61567.468750
54884.101562 61478.843750
53584.148438 63540.359375
57796.621094 52372.558594
57857.500000 61550.480469
56610.460938 63528.433594
57213.328125 59283.199219
53241.718750 63102.992188
57473.230469 63545.703125
56428.160156 62568.425781
57380.269531 58854.601562
58928.808594 59018.531250
58280.730469 62490.597656
55883.500000 62989.050781
56750.000000 63508.613281
49007.089844 58482.320312
49702.269531 63532.035156
49922.519531 62171.386719
46736.578125 46579.382812
46441.640625 62420.144531
43596.238281 43217.136719
42912.191406 46263.316406
36964.269531 38151.464844
40784.320312 62743.164062
37280.351562 36482.218750
37528.300781 36161.546875
34754.539062 36161.851562
38728.589844 36564.414062
38410.500000 36477.250000
39266.039062 36536.671875
38445.289062 36288.546875
35689.621094 51302.152344
34647.671875 36378.535156
35684.589844 36280.507812
37310.539062 36280.382812
36662.640625 36280.562500
37585.238281 36280.015625
39188.589844 36279.972656
36885.511719 36298.539062
35530.378906 36281.609375
35816.171875 36280.453125
33514.871094 36282.734375
33450.191406 36294.585938
37338.359375 36281.757812
36704.570312 36288.535156
37313.179688 36296.187500
35494.898438 36280.468750
39066.820312 36280.257812
40525.800781 36289.929688
40188.558594 36295.882812
38324.871094 36957.148438
38068.039062 36282.117188
35729.820312 36283.578125
35524.171875 36376.312500
35592.351562 36283.035156
31686.550781 36281.406250
32447.589844 36298.632812
33674.660156 36282.234375
34639.378906 36284.812500
31640.580078 36353.953125
32160.910156 36378.351562
34644.449219 36280.804688
34456.671875 36373.921875
35847.699219 36314.527344
35047.359375 36322.109375
33536.878906 36736.429688
33856.859375 36317.140625
34688.980469 36318.000000
35309.300781 36340.398438
33747.968750 36327.695312
34211.011719 36346.445312
33839.039062 36365.921875
32877.410156 36345.054688
33818.519531 36343.421875
33515.570312 36343.742188
34227.640625 36345.949219
33158.250000 36343.109375
32686.560547 36345.183594
32814.609375 36382.187500
31738.589844 36343.101562
31421.250000 36344.550781
31520.660156 36399.164062
31783.490234 36359.562500
30815.939453 36359.378906
29790.240234 36366.503906
32118.060547 36474.464844
32297.890625 36571.382812
33581.628906 36554.304688
34279.339844 36555.082031
35365.199219 36638.476562
37318.140625 36747.703125
39405.949219 36839.460938
40002.531250 36840.054688
40005.929688 36840.734375
42214.148438 36840.906250
41659.058594 36841.500000
40000.460938 36840.171875
39193.941406 36838.835938
38138.000000 36948.070312
39750.140625 36850.441406
40882.000000 36848.414062
42825.949219 36840.148438
44634.128906 36845.156250
43816.140625 42976.015625
46333.460938 37093.984375
45608.371094 37330.812500
45611.460938 53818.617188
44417.781250 42124.417969
47833.980469 55992.296875
47112.191406 52047.089844
47056.410156 44252.488281
45982.550781 60868.570312
44648.570312 38563.882812
44777.859375 42747.808594
46734.648438 37839.500000
49327.750000 38775.097656
48932.019531 62830.039062
49335.679688 42866.226562
49523.500000 54442.703125
47744.578125 42512.410156
48972.089844 45639.214844
46962.800781 41387.125000
49056.859375 46248.000000
48897.648438 47833.136719
48806.781250 50335.710938
47074.769531 46546.308594
47155.871094 50828.058594
48862.761719 41434.851562
49329.011719 47055.570312
50035.328125 49008.546875
49947.378906 51472.535156
51769.058594 42001.554688
52677.398438 50375.089844
46809.171875 54784.148438
46078.378906 47004.652344
46368.691406 43566.289062
