1313.300049 1325.892578
1283.300049 1324.688599
1269.400024 1312.050049
1254.500000 1305.039307
1258.750000 1297.563354
1259.500000 1297.542358
1253.449951 1297.531128
1256.500000 1296.999878
1261.050049 1296.995605
1251.750000 1296.992920
1254.800049 1296.141357
1258.199951 1296.139893
1269.050049 1296.138916
1271.650024 1296.138062
1266.050049 1296.137451
1265.550049 1296.136841
1269.400024 1296.136108
1270.500000 1296.135498
1266.250000 1296.135010
1273.000000 1296.134644
1272.000000 1296.134399
1288.449951 1296.134033
1303.750000 1296.133667
1301.000000 1296.133423
1302.800049 1296.133179
1283.050049 1296.132935
1282.349976 1296.132690
1281.400024 1296.132568
1267.500000 1296.132324
1236.449951 1296.132080
1213.599976 1288.483032
1226.949951 1277.059692
1229.199951 1277.059448
1226.750000 1277.059204
1211.000000 1277.058960
1214.250000 1275.758911
1212.250000 1275.758667
1185.349976 1275.758423
1186.099976 1262.934814
1187.699951 1262.934692
1187.000000 1262.934448
1186.550049 1262.934326
1178.099976 1262.934204
1161.849976 1259.309570
1173.500000 1251.185425
1162.199951 1251.185303
1172.500000 1251.185303
1177.650024 1251.185181
1171.050049 1251.185059
1163.599976 1251.184814
1156.099976 1251.184570
1158.550049 1248.309570
1162.250000 1248.309326
1126.949951 1248.309082
1131.599976 1233.735107
1136.250000 1233.734863
1125.699951 1233.734741
1133.650024 1233.109619
1131.349976 1233.109619
1134.599976 1233.109375
1145.900024 1233.109253
1151.000000 1233.109131
1164.250000 1233.108887
1176.699951 1233.108765
1175.849976 1233.108643
1178.500000 1233.108398
1189.500000 1233.108154
1178.550049 1233.107910
1205.050049 1233.107788
1190.349976 1233.107544
1203.000000 1233.107422
1216.050049 1233.107178
1214.750000 1233.107056
1196.050049 1233.106934
1200.550049 1233.106812
1212.849976 1233.106689
1216.800049 1233.106567
1195.000000 1233.106445
1189.699951 1233.106201
1184.849976 1233.106201
1192.800049 1233.105957
1212.800049 1233.105835
1203.650024 1233.105713
1221.949951 1233.105469
1215.199951 1233.105347
1226.750000 1233.105225
1231.000000 1233.105103
1242.099976 1233.104980
1236.800049 1233.104858
1228.300049 1233.104736
1222.250000 1233.104614
1230.750000 1233.104492
1224.400024 1233.104370
1240.550049 1233.104248
1241.949951 1233.104248
1237.300049 1233.104126
1233.199951 1233.104004
1236.650024 1233.104004
1247.900024 1233.103882
1253.650024 1233.103760
1257.199951 1233.103760
1255.599976 1233.103638
1240.400024 1233.103638
1238.099976 1233.103516
1226.500000 1233.103516
1230.949951 1233.103394
1216.650024 1233.103394
1209.199951 1233.103271
1206.550049 1233.103271
1202.650024 1233.103149
1204.199951 1233.103027
1204.599976 1233.103027
1198.800049 1233.102905
1229.349976 1233.102783
1229.599976 1233.102783
1232.400024 1233.102661
1241.599976 1233.102661
1249.050049 1233.102661
1247.500000 1233.102539
1247.500000 1233.102539
1257.550049 1233.102539
1257.250000 1233.102417
1251.099976 1233.102417
1248.800049 1233.102295
1244.849976 1233.102295
1247.250000 1233.102295
1257.650024 1233.102295
1245.800049 1233.102173
1252.500000 1233.102173
1266.449951 1233.102173
1250.050049 1233.102051
1252.900024 1233.102051
1274.300049 1233.102051
1284.150024 1233.102051
1278.949951 1233.102051
1279.050049 1233.101929
1282.099976 1233.101929
1281.849976 1233.101929
1269.400024 1233.101929
1267.800049 1233.101929
1261.849976 1233.101929
1262.800049 1233.101807
1266.449951 1233.101807
1255.449951 1233.101807
1250.300049 1233.101807
1228.449951 1233.101807
1228.050049 1233.101685
1229.800049 1233.101685
1220.400024 1233.101685
1222.949951 1233.101685
1223.150024 1233.101685
1231.250000 1233.101562
1233.300049 1233.101562
1234.199951 1233.101562
1257.400024 1233.101562
1255.900024 1233.101562
1252.000000 1233.101562
1258.849976 1233.101562
1260.199951 1233.101440
1252.550049 1233.101440
1256.949951 1233.101440
1265.050049 1233.101440
1262.699951 1233.101440
1266.199951 1233.101440
1264.849976 1233.101440
1274.949951 1233.101440
1279.949951 1233.101440
1293.500000 1233.101440
1291.000000 1233.101440
1273.099976 1233.101440
1266.550049 1233.101440
1266.400024 1233.101440
1262.000000 1233.101440
1275.500000 1233.101440
1254.550049 1233.101440
1255.400024 1233.101440
1248.150024 1233.101440
1242.199951 1233.101440
1242.500000 1233.101440
1250.800049 1233.101440
1255.699951 1233.101440
1245.250000 1233.101440
1249.550049 1233.101440
1248.000000 1233.101440
1243.500000 1233.101440
1242.250000 1233.101440
1229.250000 1233.101440
1223.750000 1233.101440
1220.300049 1233.101440
1224.900024 1233.101440
1215.650024 1233.101440
1211.900024 1233.101440
1211.050049 1233.101440
1218.800049 1233.101440
1218.900024 1233.101318
1230.300049 1233.101318
1234.099976 1233.101318
1240.750000 1233.101318
1242.150024 1233.101318
1238.699951 1233.101318
1248.550049 1233.101318
1255.550049 1233.101318
1254.400024 1233.101318
1248.099976 1233.101318
1261.099976 1233.101318
1264.900024 1233.101318
1267.550049 1233.101318
1270.949951 1233.101318
1269.599976 1233.101318
1268.099976 1233.101440
1257.699951 1233.101440
1258.000000 1233.101440
1261.800049 1233.101440
1271.050049 1233.101562
1284.400024 1233.101562
1286.099976 1233.101562
1282.300049 1233.101685
1270.300049 1233.101685
1272.750000 1233.101807
1285.150024 1233.101807
1295.800049 1233.101929
1292.900024 1233.101929
1284.199951 1233.102051
1286.650024 1233.102173
1289.000000 1233.102417
1285.300049 1233.102783
1318.650024 1233.103271
1308.500000 1233.103882
1311.750000 1233.104858
1320.400024 1233.106934
1333.099976 1233.110352
1335.550049 1233.120239
1337.849976 1233.164429
1343.500000 1233.172119
1346.250000 1234.665527
1334.199951 1236.030640
1326.500000 1236.031738
1327.550049 1236.031494
1324.550049 1236.031128
1322.849976 1236.030640
1312.099976 1236.033447
1309.599976 1236.049927
1311.300049 1236.045654
1292.099976 1236.046143
1294.800049 1236.050171
1293.300049 1236.046143
1300.050049 1236.049438
1282.550049 1236.055542
1283.349976 1236.044312
1283.099976 1236.052979
1273.699951 1236.051514
1271.250000 1236.052856
1274.250000 1236.051025
1274.500000 1236.055054
1261.800049 1236.036743
1278.750000 1236.049438
1291.400024 1236.079590
1289.250000 1236.066772
1290.250000 1236.066162
1299.599976 1236.059570
1303.300049 1236.080322
1284.750000 1236.035889
1280.199951 1236.086304
1286.400024 1236.041748
1281.199951 1236.099365
1274.900024 1236.067993
1276.449951 1236.096924
1275.000000 1236.056274
1273.750000 1236.097900
1266.449951 1236.057007
1272.000000 1236.093262
1270.150024 1236.073242
1277.050049 1236.032227
1279.199951 1236.086914
1267.199951 1236.026245
1270.900024 1236.095215
1275.599976 1236.148926
1284.000000 1236.146729
1284.800049 1236.185303
1284.300049 1235.991943
1277.949951 1236.068970
1274.599976 1235.978882
1282.199951 1235.979370
1280.000000 1235.981323
1284.349976 1235.985718
1286.199951 1236.004639
1283.300049 1236.021362
1286.949951 1235.991211
1290.349976 1235.996582
1290.500000 1236.136841
1294.900024 1236.103394
1291.849976 1236.089478
1283.849976 1235.976196
1280.199951 1235.976196
1275.500000 1235.976318
1273.449951 1235.976440
1266.300049 1235.976685
1263.699951 1235.977051
1255.000000 1235.977539
1250.650024 1235.978271
1247.150024 1235.979858
1240.900024 1235.983521
1242.650024 1236.002808
1251.000000 1235.975586
1254.599976 1235.975098
1260.599976 1235.975098
1260.349976 1235.975098
1264.550049 1235.975098
1264.550049 1235.975098
1279.400024 1235.975098
1291.000000 1235.975098
1312.050049 1235.975098
1314.900024 1235.975098
1314.500000 1235.975098
1317.150024 1235.975098
1319.949951 1235.975098
1311.000000 1235.975098
1319.750000 1235.975098
1323.050049 1235.975098
1326.800049 1235.975098
1339.250000 1235.975098
1333.849976 1235.975220
1335.650024 1235.975220
1332.199951 1235.975220
1334.949951 1235.975220
1332.599976 1235.975220
1333.400024 1235.975220
1353.699951 1235.975220
1354.949951 1239.700317
1353.150024 1240.325317
1343.849976 1240.325439
1344.900024 1240.325439
1345.050049 1240.325562
1341.349976 1240.325562
1331.150024 1240.325806
1333.599976 1240.325928
1331.400024 1240.326538
1324.650024 1240.328247
1315.449951 1240.357666
1314.099976 1240.324951
1322.300049 1240.324951
1325.349976 1240.324951
1336.250000 1240.324951
1352.449951 1240.324951
1352.099976 1240.324951
1346.599976 1240.324951
1339.849976 1240.324951
1330.500000 1240.324951
1328.349976 1240.324951
1327.949951 1240.324951
1333.500000 1240.324951
1325.750000 1240.324951
1317.849976 1240.324951
1307.750000 1240.324951
1322.300049 1240.324951
1320.400024 1240.324951
1331.400024 1240.324951
1329.400024 1240.324951
1321.000000 1240.324951
1320.599976 1240.324951
1319.150024 1240.324951
1322.750000 1240.324951
1323.550049 1240.324951
1318.750000 1240.324951
1310.099976 1240.324951
1312.400024 1240.324951
1311.000000 1240.324951
1321.349976 1240.324951
1329.150024 1240.324951
1346.599976 1240.324951
1352.400024 1240.324951
1341.449951 1240.324951
1332.449951 1240.324951
1323.849976 1240.324951
1333.449951 1240.324951
1337.300049 1240.324951
1327.699951 1240.324951
1331.199951 1240.324951
1331.949951 1240.324951
1338.949951 1240.324951
1350.750000 1240.324951
1341.349976 1240.324951
1343.699951 1240.324951
1349.349976 1240.324951
1342.099976 1240.324951
1351.449951 1240.324951
1348.599976 1240.324951
1336.750000 1240.324951
1324.300049 1240.324951
1328.849976 1240.324951
1321.650024 1240.324951
1320.699951 1240.324951
1321.500000 1240.324951
1313.199951 1240.324951
1307.099976 1240.324951
1304.199951 1240.324951
1315.050049 1240.324951
1309.400024 1240.324951
1306.599976 1240.324951
1313.849976 1240.324951
1318.800049 1240.324951
1324.349976 1240.324951
1319.849976 1240.324951
1295.000000 1240.324951
1291.250000 1240.324951
1289.500000 1240.324951
1288.300049 1240.324951
1288.349976 1240.324951
1293.050049 1240.324951
1289.000000 1240.324951
1304.849976 1240.324951
1303.500000 1240.324951
1295.500000 1240.324951
1300.699951 1240.324951
1305.349976 1240.324951
1294.599976 1240.324951
1295.449951 1240.324951
1292.050049 1240.324951
1300.099976 1240.324951
1297.250000 1240.324951
1298.250000 1240.324951
1299.599976 1240.324951
1298.650024 1243.150024
1296.150024 1243.150024
1302.750000 1244.775024
1285.250000 1250.425049
1281.550049 1252.974976
1276.150024 1259.599976
1274.199951 1265.400024
1266.150024 1265.400024
1269.150024 1266.724976
1268.699951 1266.750000
1260.300049 1266.750000
1254.599976 1269.900024
1251.550049 1269.900024
1250.449951 1269.900024
1247.800049 1269.900024
1251.750000 1269.900024
1255.650024 1269.900024
1255.500000 1269.900024
1255.349976 1269.900024
1262.050049 1269.900024
1254.000000 1269.900024
1251.400024 1269.900024
1245.900024 1269.900024
1241.699951 1273.875000
1241.099976 1276.875000
1232.800049 1276.875000
1224.500000 1276.875000
1217.550049 1276.875000
1228.750000 1276.875000
1224.949951 1276.875000
1228.349976 1276.875000
1231.500000 1276.875000
1228.250000 1276.875000
1223.949951 1276.875000
1223.800049 1276.875000
1220.949951 1276.875000
1219.000000 1276.875000
1215.449951 1276.875000
1216.300049 1276.875000
1209.650024 1276.875000
1212.349976 1276.875000
1209.550049 1276.875000
1214.349976 1276.875000
1214.400024 1276.875000
1200.349976 1276.875000
1197.000000 1276.875000
1182.000000 1275.974976
1180.400024 1268.474976
1178.400024 1267.675049
1184.349976 1266.675049
1190.949951 1266.675049
1196.650024 1266.675049
1192.349976 1266.675049
1197.699951 1266.675049
1212.250000 1266.675049
1204.199951 1266.675049
1197.300049 1266.675049
1202.449951 1266.675049
1200.050049 1266.675049
1190.849976 1266.675049
1196.699951 1266.675049
1205.150024 1266.675049
1198.900024 1266.675049
1196.599976 1266.675049
1189.849976 1266.675049
1195.599976 1266.675049
1209.800049 1266.675049
1201.949951 1266.675049
1201.900024 1266.675049
1200.199951 1266.675049
1203.300049 1266.675049
1208.349976 1266.675049
1198.699951 1266.675049
1202.750000 1266.675049
1201.900024 1266.675049
1194.250000 1266.675049
1185.400024 1266.675049
1187.250000 1266.675049
1189.349976 1266.675049
1204.699951 1266.675049
1201.199951 1266.675049
1203.449951 1266.675049
1203.800049 1266.675049
1186.949951 1266.675049
1185.550049 1266.675049
1188.599976 1266.675049
1205.550049 1266.675049
1219.750000 1266.675049
1229.949951 1266.675049
1230.699951 1266.675049
1229.050049 1266.675049
1223.000000 1266.675049
1227.849976 1266.675049
1222.300049 1266.675049
1235.949951 1266.675049
1230.550049 1266.675049
1230.800049 1266.675049
1233.849976 1266.675049
1230.800049 1266.675049
1225.400024 1266.675049
1214.949951 1266.675049
1231.150024 1266.675049
1232.099976 1266.675049
1232.250000 1266.675049
1231.599976 1266.675049
1229.949951 1266.675049
1224.150024 1266.675049
1211.400024 1266.675049
1205.550049 1266.675049
1202.099976 1266.675049
1203.250000 1266.675049
1211.849976 1266.675049
1222.400024 1266.675049
1221.599976 1266.675049
1223.000000 1266.675049
1226.099976 1266.675049
1227.050049 1266.675049
1223.650024 1266.675049
1223.400024 1266.675049
1221.199951 1266.675049
1213.250000 1266.675049
1226.250000 1266.675049
1217.550049 1266.675049
1230.300049 1266.675049
1240.300049 1266.675049
1235.900024 1266.675049
1242.550049 1266.675049
1243.300049 1266.675049
1245.349976 1266.675049
1245.300049 1266.675049
1245.750000 1266.675049
1242.750000 1266.675049
1235.349976 1266.675049
1241.650024 1266.675049
1246.300049 1266.675049
1255.000000 1266.675049
1259.750000 1266.675049
1258.150024 1266.675049
1268.000000 1266.675049
1279.000000 1266.675049
1282.900024 1266.675049
1290.449951 1266.675049
1279.900024 1266.675049
1292.199951 1266.675049
1286.449951 1266.675049
1288.599976 1266.675049
1291.900024 1266.675049
1288.949951 1266.675049
1292.750000 1266.675049
1294.400024 1266.675049
1292.300049 1266.675049
1290.699951 1266.675049
1284.199951 1266.675049
1279.550049 1266.675049
1282.099976 1266.675049
1279.800049 1266.675049
1283.699951 1266.675049
1293.900024 1266.675049
1302.150024 1266.675049
1307.550049 1266.675049
1310.699951 1266.675049
1323.250000 1266.675049
1318.699951 1266.675049
1312.150024 1266.675049
1314.199951 1266.675049
1312.400024 1266.675049
1310.000000 1266.675049
1314.849976 1266.675049
1306.400024 1266.675049
1310.000000 1266.675049
1312.800049 1266.675049
1311.449951 1266.675049
1316.550049 1266.675049
1325.500000 1266.675049
1334.150024 1266.675049
1343.750000 1266.675049
1331.250000 1266.675049
1329.050049 1266.675049
1331.050049 1266.675049
1325.050049 1266.675049
1322.849976 1266.675049
1319.150024 1266.675049
1311.949951 1266.675049
1285.400024 1266.675049
1283.800049 1266.675049
1285.849976 1266.675049
1285.300049 1266.675049
1296.750000 1266.675049
1292.750000 1266.675049
1297.050049 1266.675049
1306.949951 1266.675049
1295.550049 1266.675049
1303.500000 1266.675049
1305.599976 1266.675049
1307.699951 1266.675049
1303.699951 1266.675049
1309.599976 1266.675049
1311.300049 1266.675049
1319.550049 1266.675049
1316.300049 1266.675049
1309.699951 1266.675049
1295.150024 1266.675049
1295.400024 1266.675049
1293.500000 1266.675049
1290.300049 1266.675049
1290.449951 1266.675049
1283.150024 1266.675049
1288.449951 1266.675049
1300.000000 1266.675049
1303.000000 1266.675049
1305.449951 1266.675049
1298.800049 1266.675049
1294.300049 1266.675049
1285.650024 1266.675049
1276.349976 1266.675049
1275.849976 1266.675049
1275.699951 1266.675049
1269.500000 1266.675049
1271.650024 1266.675049
1280.800049 1266.675049
1284.199951 1266.675049
1279.500000 1266.675049
1282.300049 1266.675049
1283.800049 1266.675049
1270.949951 1266.675049
1278.550049 1266.675049
1281.199951 1266.675049
1285.199951 1266.675049
1286.099976 1266.675049
1287.099976 1266.675049
1295.599976 1266.675049
1298.400024 1266.675049
1299.099976 1266.675049
1291.699951 1266.675049
1280.800049 1266.675049
1276.849976 1266.675049
1271.150024 1266.675049
1273.800049 1266.675049
1283.650024 1266.675049
1282.500000 1266.675049
1278.300049 1266.675049
1281.650024 1266.675049
1280.949951 1266.675049
1295.550049 1266.675049
1317.099976 1266.675049
1324.250000 1266.675049
1335.050049 1266.675049
1335.500000 1266.675049
1340.650024 1266.675049
1328.599976 1266.675049
1324.300049 1266.675049
1332.349976 1266.675049
1335.900024 1266.675049
1351.250000 1266.675049
1341.300049 1266.675049
1341.349976 1266.675049
1344.050049 1266.675049
1379.500000 1266.675049
1397.150024 1278.950073
1405.699951 1287.775024
1431.400024 1292.050049
1403.949951 1304.900024
1402.500000 1304.900024
1409.000000 1304.900024
1390.099976 1304.900024
1391.050049 1304.900024
1413.500000 1304.900024
1414.900024 1304.900024
1388.650024 1304.900024
1400.099976 1304.900024
1391.550049 1304.900024
1408.300049 1304.900024
1413.750000 1304.900024
1407.599976 1304.900024
1412.400024 1304.900024
1409.849976 1304.900024
1410.349976 1304.900024
1417.449951 1304.900024
1439.699951 1304.900024
1427.750000 1309.050049
1425.550049 1309.050049
1426.949951 1309.050049
1416.099976 1309.050049
1420.400024 1309.050049
1419.050049 1309.050049
1425.900024 1309.050049
1427.550049 1309.050049
1406.800049 1309.050049
1441.750000 1309.050049
1465.250000 1310.075073
1465.250000 1321.825073
1506.050049 1321.825073
1495.750000 1342.224976
1497.699951 1342.224976
1504.699951 1342.224976
1498.400024 1342.224976
1513.250000 1342.224976
1515.650024 1345.825073
1515.250000 1347.025024
1496.599976 1347.025024
1504.550049 1347.025024
1503.250000 1347.025024
1502.050049 1347.025024
1503.800049 1347.025024
1532.949951 1347.025024
1537.150024 1355.675049
1540.199951 1357.775024
1528.400024 1359.300049
1525.949951 1359.300049
1537.849976 1359.300049
1546.099976 1359.300049
1529.099976 1362.250000
1523.699951 1362.250000
1509.199951 1362.250000
1498.250000 1362.250000
1490.650024 1362.250000
1515.199951 1362.250000
1503.099976 1362.250000
1497.199951 1362.250000
1502.099976 1362.250000
1503.500000 1362.250000
1500.699951 1362.250000
1501.900024 1362.250000
1522.099976 1362.250000
1520.650024 1362.250000
1528.750000 1362.250000
1506.400024 1362.250000
1489.900024 1362.250000
1485.300049 1362.250000
1473.449951 1362.250000
1492.599976 1362.250000
1517.099976 1362.250000
1499.150024 1362.250000
1501.250000 1362.250000
1505.849976 1362.250000
1507.250000 1362.250000
1494.800049 1362.250000
1479.150024 1362.250000
1490.599976 1362.250000
1487.800049 1362.250000
1485.099976 1362.250000
1492.650024 1362.250000
1490.000000 1362.250000
1491.650024 1362.250000
1485.349976 1362.250000
1494.449951 1362.250000
1496.550049 1362.250000
1513.449951 1362.250000
1492.400024 1362.250000
1486.750000 1362.250000
1492.099976 1362.250000
1510.949951 1362.250000
1508.800049 1362.250000
1509.449951 1362.250000
1488.949951 1362.250000
1486.050049 1362.250000
1484.250000 1362.250000
1464.150024 1362.250000
1458.699951 1362.250000
1452.050049 1362.250000
1462.900024 1362.250000
1466.650024 1362.250000
1466.900024 1362.250000
1467.650024 1362.250000
1468.449951 1362.250000
1471.699951 1362.250000
1467.050049 1362.250000
1464.449951 1362.250000
1458.400024 1362.250000
1454.650024 1362.250000
1454.349976 1362.250000
1454.650024 1362.250000
1460.150024 1362.250000
1461.150024 1362.250000
1477.300049 1362.250000
1475.099976 1362.250000
1475.949951 1362.250000
1459.650024 1362.250000
1461.699951 1362.250000
1464.949951 1362.250000
1466.800049 1362.250000
1467.800049 1362.250000
1466.599976 1362.250000
1477.900024 1362.250000
1475.800049 1362.250000
1474.050049 1362.250000
1476.699951 1362.250000
1479.000000 1362.250000
1482.099976 1362.250000
1511.500000 1362.250000
1514.750000 1362.250000
1527.099976 1362.250000
1548.750000 1362.250000
1573.099976 1363.574951
1567.849976 1375.750000
1571.949951 1375.750000
1550.750000 1375.750000
1553.599976 1375.750000
1549.900024 1375.750000
1545.099976 1375.750000
1549.000000 1375.750000
1554.550049 1375.750000
1557.599976 1375.750000
1560.150024 1375.750000
1551.300049 1375.750000
1556.900024 1375.750000
1562.900024 1375.750000
1564.300049 1375.750000
1580.099976 1375.750000
1574.000000 1379.250000
1573.449951 1379.250000
1578.250000 1379.250000
1584.199951 1379.250000
1574.750000 1381.300049
1558.349976 1384.275024
1553.300049 1384.800049
1563.300049 1384.800049
1572.650024 1384.800049
1573.199951 1384.800049
1570.500000 1384.800049
1563.699951 1384.800049
1575.050049 1384.800049
1581.400024 1384.800049
1580.800049 1384.800049
1589.849976 1384.800049
1604.199951 1387.625000
1619.000000 1394.800049
1643.300049 1402.200073
1671.650024 1414.349976
1650.300049 1428.525024
1634.900024 1428.525024
1652.000000 1428.525024
1609.849976 1428.525024
1599.650024 1428.525024
1615.500000 1428.525024
1641.849976 1428.525024
1659.599976 1428.525024
1683.650024 1428.525024
1672.500000 1434.525024
1655.699951 1434.525024
1653.750000 1434.525024
1570.699951 1434.525024
1562.800049 1434.600098
1487.699951 1434.600098
1536.199951 1434.600098
1498.199951 1434.600098
1474.250000 1434.600098
1494.400024 1434.600098
1525.400024 1434.600098
1605.750000 1434.600098
1605.449951 1436.125000
1634.800049 1442.875000
1617.300049 1442.875000
1618.300049 1442.875000
1608.949951 1442.875000
1576.550049 1442.875000
1616.800049 1442.875000
1613.099976 1442.875000
1648.300049 1442.875000
1649.250000 1442.875000
1647.800049 1442.875000
1680.650024 1442.875000
1741.900024 1442.875000
1718.650024 1472.000000
1729.500000 1472.000000
1692.550049 1472.000000
1686.199951 1472.000000
1682.050049 1472.000000
1710.550049 1472.000000
1736.250000 1472.000000
1715.900024 1472.000000
1714.949951 1472.000000
1691.550049 1472.000000
1703.349976 1472.000000
1702.750000 1472.000000
1686.250000 1472.574951
1709.099976 1476.875000
1699.550049 1477.574951
1691.500000 1477.574951
1704.050049 1477.574951
1702.750000 1477.574951
1702.400024 1477.574951
1708.400024 1477.574951
1731.599976 1477.574951
1735.349976 1477.574951
1734.699951 1477.574951
1737.949951 1479.725098
1748.300049 1479.725098
1724.900024 1489.300049
1733.550049 1491.824951
1720.250000 1491.824951
1694.599976 1491.824951
1717.349976 1491.824951
1728.699951 1491.824951
1730.599976 1491.824951
1742.150024 1491.824951
1705.349976 1491.824951
1700.050049 1491.824951
1683.449951 1494.974976
1690.349976 1497.300049
1713.500000 1501.650024
1722.050049 1503.224976
1738.250000 1503.224976
1733.500000 1508.150024
1710.449951 1508.900024
1719.849976 1508.900024
1724.349976 1508.900024
1719.500000 1508.900024
1734.750000 1508.900024
1761.849976 1508.900024
1768.900024 1515.675049
1766.050049 1519.199951
1756.550049 1519.199951
1747.599976 1519.199951
1771.599976 1519.199951
1768.099976 1520.550049
1771.050049 1520.550049
1777.449951 1520.550049
1772.900024 1523.474976
1787.900024 1523.474976
1789.550049 1528.699951
1811.099976 1529.525024
1812.099976 1540.300049
1803.099976 1540.800049
1807.500000 1540.800049
1801.900024 1540.800049
1804.599976 1540.800049
1807.699951 1540.800049
1807.349976 1540.800049
1815.650024 1540.800049
1842.550049 1542.574951
1852.400024 1556.025024
1878.300049 1560.949951
1902.099976 1573.900024
1936.650024 1585.800049
1940.900024 1603.074951
1950.900024 1605.199951
1957.650024 1610.199951
1964.900024 1613.574951
1958.550049 1617.199951
1977.900024 1617.199951
2048.149902 1623.699951
2067.149902 1658.824951
2031.150024 1668.324951
2044.500000 1668.324951
1939.650024 1668.324951
1931.900024 1668.324951
1944.250000 1668.324951
1944.750000 1668.324951
1972.849976 1668.324951
2008.750000 1668.324951
1981.000000 1668.324951
1927.150024 1668.324951
1924.349976 1668.324951
1943.949951 1668.324951
1911.150024 1668.324951
1932.949951 1668.324951
1923.849976 1668.324951
1957.349976 1668.324951
1972.349976 1668.324951
1947.050049 1668.324951
1940.449951 1668.324951
1926.300049 1668.324951
1928.449951 1668.324951
1910.949951 1668.324951
1947.199951 1668.324951
1966.250000 1668.324951
1947.400024 1668.324951
1958.699951 1668.324951
1949.349976 1668.324951
1961.800049 1668.324951
1936.250000 1668.324951
1950.849976 1668.324951
1909.349976 1668.324951
1906.000000 1668.324951
1873.400024 1668.324951
1861.750000 1668.324951
1859.699951 1668.324951
1864.300049 1668.324951
1883.949951 1668.324951
1886.900024 1668.324951
1902.000000 1668.324951
1903.050049 1668.324951
1909.599976 1669.049927
1913.400024 1669.049927
1884.500000 1669.049927
1887.449951 1669.049927
1923.250000 1669.049927
1925.500000 1669.049927
1891.300049 1669.049927
1910.050049 1669.150024
1891.900024 1669.150024
1905.050049 1669.150024
1905.599976 1669.150024
1898.400024 1669.150024
1924.150024 1669.150024
1900.949951 1669.150024
1903.650024 1669.150024
1898.449951 1669.150024
1905.699951 1669.150024
1869.949951 1669.150024
1870.300049 1669.150024
1881.849976 1670.475098
1889.900024 1672.725098
1908.300049 1672.725098
1900.150024 1672.725098
1938.449951 1674.049927
1940.800049 1674.049927
1867.300049 1681.350098
1878.699951 1692.125000
1860.949951 1695.699951
1874.849976 1695.725098
1890.900024 1695.725098
1885.599976 1695.725098
1889.050049 1695.725098
1876.099976 1695.725098
1857.349976 1699.750000
1875.699951 1701.525024
1840.199951 1704.225098
1799.599976 1704.225098
1810.199951 1704.250000
1807.400024 1705.600098
1779.300049 1723.324951
1762.550049 1727.900024
1810.750000 1727.900024
1822.599976 1727.900024
1832.349976 1727.900024
1843.000000 1727.900024
1859.949951 1727.900024
1868.150024 1727.900024
1841.750000 1727.900024
1844.349976 1727.900024
1842.000000 1727.900024
1831.150024 1727.900024
1850.650024 1729.350098
1851.949951 1729.350098
1890.750000 1736.975098
1879.750000 1736.975098
1880.000000 1736.975098
1877.099976 1736.975098
1875.000000 1736.975098
1874.300049 1736.975098
1887.599976 1736.975098
1943.199951 1736.975098
1940.349976 1736.975098
1931.949951 1736.975098
1920.099976 1736.975098
1862.900024 1736.975098
1847.250000 1736.975098
1841.250000 1736.975098
1858.849976 1736.975098
1841.750000 1736.975098
1839.000000 1736.975098
1833.050049 1754.449951
1834.699951 1759.600098
1856.599976 1759.600098
1862.099976 1759.600098
1852.699951 1759.600098
1856.849976 1759.600098
1856.599976 1759.600098
1843.000000 1759.600098
1853.699951 1759.600098
1863.800049 1759.600098
1862.949951 1759.600098
1833.099976 1759.600098
1835.449951 1759.600098
1785.900024 1759.600098
1802.949951 1759.600098
1835.250000 1759.600098
1839.599976 1759.600098
1842.650024 1759.600098
1840.099976 1759.600098
1816.349976 1759.600098
1817.300049 1759.600098
1794.250000 1759.600098
1780.699951 1759.600098
1773.150024 1759.600098
1786.199951 1759.600098
1807.449951 1759.600098
1799.650024 1759.600098
1788.000000 1759.600098
1779.650024 1759.600098
1742.849976 1759.600098
1734.150024 1759.600098
1723.849976 1759.600098
1711.400024 1759.600098
1712.099976 1759.600098
1696.250000 1759.600098
1687.050049 1759.600098
1716.900024 1759.600098
1716.199951 1759.600098
1724.250000 1759.600098
1704.800049 1759.600098
1723.650024 1759.600098
1735.000000 1759.600098
1729.650024 1759.600098
1725.900024 1759.600098
1735.199951 1759.600098
1736.150024 1759.600098
1726.199951 1759.600098
1730.500000 1759.600098
1737.300049 1759.600098
1731.800049 1759.600098
1705.949951 1759.600098
1683.949951 1759.600098
1691.050049 1759.600098
1726.050049 1759.600098
1744.650024 1759.600098
1738.050049 1759.600098
1755.500000 1759.600098
1741.199951 1759.600098
1732.849976 1759.600098
1747.949951 1759.600098
1735.550049 1759.600098
1757.199951 1759.600098
1774.449951 1759.600098
1774.500000 1759.600098
1777.849976 1759.600098
1798.199951 1759.600098
1787.750000 1759.600098
1781.800049 1759.600098
1773.349976 1759.600098
1784.150024 1759.600098
1772.199951 1759.600098
1762.650024 1759.600098
1767.650024 1760.750000
1797.750000 1760.750000
1782.250000 1760.750000
1813.150024 1760.750000
1836.550049 1760.750000
1840.449951 1760.750000
1829.099976 1760.750000
1830.699951 1760.750000
1821.800049 1760.750000
1838.099976 1760.750000
1853.699951 1760.750000
1866.750000 1760.900024
1888.449951 1763.400024
1878.300049 1763.400024
1875.900024 1763.400024
1880.150024 1763.400024
1887.000000 1763.400024
1899.750000 1763.400024
1891.449951 1764.424927
1899.949951 1766.049927
1899.349976 1766.875000
1902.750000 1766.875000
1866.550049 1766.875000
1890.599976 1770.600098
1888.400024 1770.600098
1893.150024 1770.600098
1894.599976 1770.699951
1888.650024 1770.699951
1881.050049 1770.699951
1865.599976 1770.699951
1865.099976 1770.699951
1860.750000 1770.699951
1778.699951 1770.699951
1773.099976 1770.699951
1775.050049 1770.699951
1775.050049 1770.699951
1791.599976 1770.699951
1784.849976 1770.699951
1786.650024 1770.699951
1780.300049 1770.699951
1755.449951 1770.699951
1763.150024 1770.699951
1781.500000 1770.699951
1786.150024 1770.699951
1791.349976 1770.699951
1809.849976 1770.699951
1804.650024 1770.699951
1807.699951 1770.699951
1806.000000 1770.699951
1792.400024 1770.699951
1813.849976 1770.699951
1823.199951 1770.699951
1823.750000 1770.699951
1824.300049 1770.699951
1814.900024 1770.699951
1823.050049 1770.699951
1802.150024 1770.699951
1799.449951 1770.699951
1799.599976 1770.699951
1800.199951 1770.699951
1800.349976 1770.699951
1796.599976 1770.699951
1829.300049 1770.699951
1825.750000 1770.699951
1811.449951 1770.699951
1812.650024 1770.699951
1829.099976 1770.699951
1800.750000 1770.699951
1762.900024 1770.699951
1738.849976 1770.699951
1723.349976 1770.699951
1743.599976 1770.699951
1747.400024 1770.699951
1773.849976 1770.699951
1786.349976 1770.699951
1789.449951 1770.699951
1783.449951 1770.699951
1782.050049 1770.699951
1779.050049 1770.699951
1802.000000 1770.699951
1808.449951 1770.699951
1788.699951 1770.699951
1786.599976 1770.699951
1798.500000 1770.699951
1814.849976 1770.699951
1811.800049 1770.699951
1812.550049 1770.699951
1823.699951 1780.775024
1821.599976 1796.275024
1802.150024 1821.850098
1786.000000 1821.850098
1788.250000 1821.850098
1794.599976 1821.850098
